25
-0.4 -0.70
-0.15 -0.70
-0.15 -0.30
-0.15 0.10
-0.4 0.10
-0.65 0.10
-0.65 -0.30
-0.65 -0.70
0.1 -0.70
0.35 -0.70
0.35 -0.30
0.35 0.10
0.1 0.10
0.35 0.5
0.35 0.90
0.1 0.90
-0.15 0.90
-0.15 0.5
-0.65 0.5
-0.65 0.90
-0.4 0.90
-0.4 -0.30
-0.4 0.5
0.1 -0.30
0.1 0.5
20
0 1 2
2 3 4
4 5 6
6 7 0
8 1 2
2 3 12
12 11 10
10 9 8
12 11 13
13 14 15
15 16 17
17 3 12
4 5 18
18 19 20
20 16 17
17 3 4
2 21 4
4 22 17
17 24 12
12 23 2
28
0 1
1 2 
2 3
3 0
4 5
5 6
6 7
7 4
8 9
9 10
10 11
11 8
12 13
13 14
14 15
15 12
16 17
17 18
18 19 
19 16
0 5
4 1
1 12
15 2
14 11
10 15
5 8
11 6
